0 4457162.22 4881 400.020277099609 0 0 1481.27724121094 0.999000012874603 0 0 0 0 0 0 0.101223627868 0 0 0 25 1481.27724121094 0 0  
0 4457515.41 4881 395.041312255859 0 0 1462.59717773438 0.999000012874603 0 0 0 0 0 0 0.167401801337535 0 0 0 25 1462.59717773438 0 0  
0 4457814.52 4881 390.038676757812 0 0 1443.92951660156 0.999000012874603 0 0 0 0 0 0 0.0348408812733983 0 0 0 25 1443.92951660156 0 0  
0 4458107.13 4881 385.046361083984 0 0 1425.18305664063 0.999000012874603 0 0 0 0 0 0 0.0335655626430488 0 0 0 25 1425.18305664063 0 0  
0 4458395.64 4881 380.062662353516 0 0 1406.26022460938 0.999000012874603 0 0 0 0 0 0 0.0596509177073901 0 0 0 25 1406.26022460938 0 0  
0 4458674.72 4881 375.019366455078 0 0 1387.26171386719 0.999000012874603 0 0 0 0 0 0 0.0513961907736633 0 0 0 25 1387.26171386719 0 0  
0 4458932.02 4881 370.009592285156 0 0 1368.15971191406 0.999000012874603 0 0 0 0 0 0 0.0569639350825442 0 0 0 25 1368.15971191406 0 0  
0 4459190.53 4881 365.020009765625 0 0 1349.61813476563 0.999000012874603 0 0 0 0 0 0 0.0318558203738024 0 0 0 25 1349.61813476563 0 0  
0 4459447.72 4881 360.011071777344 0 0 1330.63189941406 0.999000012874603 0 0 0 0 0 0 0.108121132771153 0 0 0 25 1330.63189941406 0 0  
0 4459704.33 4881 355.01404296875 0 0 1311.70220703125 0.999000012874603 0 0 0 0 0 0 0.0394970770609625 0 0 0 25 1311.70220703125 0 0  
0 4459965.48 4881 350.013121337891 0 0 1292.9644140625 0.999000012874603 0 0 0 0 0 0 0.0619954252989966 0 0 0 25 1292.9644140625 0 0  
0 4460228.61 4881 345.022237548828 0 0 1273.78549804688 0.999000012874603 0 0 0 0 0 0 0.0653117169670914 0 0 0 25 1273.78549804688 0 0  
0 4460490.64 4881 340.0174609375 0 0 1254.6583984375 0.999000012874603 0 0 0 0 0 0 0.0515536338596166 0 0 0 25 1254.6583984375 0 0  
0 4460754.09 4881 335.014281005859 0 0 1235.95573730469 0.999000012874603 0 0 0 0 0 0 0.0513455780612842 0 0 0 25 1235.95573730469 0 0  
0 4461017.81 4881 330.011430664063 0 0 1216.75053710938 0.999000012874603 0 0 0 0 0 0 0.0986727182940482 0 0 0 25 1216.75053710938 0 0  
0 4461280.08 4881 325.014416503906 0 0 1197.47311523438 0.999000012874603 0 0 0 0 0 0 0.0818498726476738 0 0 0 25 1197.47311523438 0 0  
0 4461543.08 4881 320.010146484375 0 0 1178.43755371094 0.999000012874603 0 0 0 0 0 0 0.0504111341575944 0 0 0 25 1178.43755371094 0 0  
0 4461805.72 4881 315.015357666016 0 0 1159.59760253906 0.999000012874603 0 0 0 0 0 0 0.0397360606265398 0 0 0 25 1159.59760253906 0 0  
0 4462072.80 4881 310.010081787109 0 0 1140.06073242187 0.999000012874603 0 0 0 0 0 0 0.0307250599184589 0 0 0 25 1140.06073242187 0 0  
0 4462341.89 4881 305.011241455078 0 0 1120.85457519531 0.999000012874603 0 0 0 0 0 0 0.0347870808732392 0 0 0 25 1120.85457519531 0 0  
0 4462608.52 4881 300.010617675781 0 0 1101.6659765625 0.999000012874603 0 0 0 0 0 0 0.039468075379332 0 0 0 25 1101.6659765625 0 0  
0 4462876.69 4881 295.010264892578 0 0 1082.47299316406 0.999000012874603 0 0 0 0 0 0 0.0394887673494014 0 0 0 25 1082.47299316406 0 0  
0 4463144.11 4881 290.005998535156 0 0 1062.8390625 0.999000012874603 0 0 0 0 0 0 0.0320098082662996 0 0 0 25 1062.8390625 0 0  
0 4463411.72 4881 285.002987060547 0 0 1043.41869628906 0.999000012874603 0 0 0 0 0 0 0.0335166969272396 0 0 0 25 1043.41869628906 0 0  
0 4463679.23 4881 280.007564697266 0 0 1024.03907958984 0.999000012874603 0 0 0 0 0 0 0.0494649933709788 0 0 0 25 1024.03907958984 0 0  
0 4463947.30 4881 275.006856689453 0 0 1004.32620117188 0.999000012874603 0 0 0 0 0 0 0.07001315078501 0 0 0 25 1004.32620117188 0 0  
0 4464215.47 4881 270.007131347656 0 0 984.852407226562 0.999000012874603 0 0 0 0 0 0 0.04632423358402 0 0 0 25 984.852407226562 0 0  
0 4464484.33 4881 265.006303710938 0 0 965.52443359375 0.999000012874603 0 0 0 0 0 0 0.0819043578762484 0 0 0 25 965.52443359375 0 0  
0 4464750.66 4881 260.004782714844 0 0 945.833781738281 0.999000012874603 0 0 0 0 0 0 0.0334963386320944 0 0 0 25 945.833781738281 0 0  
0 4465018.61 4881 255.006472167969 0 0 926.020510253906 0.999000012874603 0 0 0 0 0 0 0.0321991634214547 0 0 0 25 926.020510253906 0 0  
0 4465285.13 4881 250.003159790039 0 0 906.463752441406 0.999000012874603 0 0 0 0 0 0 0.043139488304113 0 0 0 25 906.463752441406 0 0  
0 4465552.30 4881 245.004920043945 0 0 886.815046386719 0.999000012874603 0 0 0 0 0 0 0.148855985248397 0 0 0 25 886.815046386719 0 0  
0 4465819.45 4881 240.002873535156 0 0 866.969948730469 0.999000012874603 0 0 0 0 0 0 0.0563726354102305 0 0 0 25 866.969948730469 0 0  
0 4466086.33 4881 235.005139160156 0 0 847.272319335937 0.999000012874603 0 0 0 0 0 0 0.0357877600387477 0 0 0 25 847.272319335937 0 0  
0 4466353.38 4881 230.004016113281 0 0 827.52744140625 0.999000012874603 0 0 0 0 0 0 0.0433018934320407 0 0 0 25 827.52744140625 0 0  
0 4466620.91 4881 225.005120239258 0 0 807.648049316406 0.999000012874603 0 0 0 0 0 0 0.0321506686699461 0 0 0 25 807.648049316406 0 0  
0 4466888.50 4881 220.005953369141 0 0 787.850871582031 0.999000012874603 0 0 0 0 0 0 0.0331751849621611 0 0 0 25 787.850871582031 0 0  
0 4467160.00 4881 215.006972045898 0 0 767.782736816406 0.999000012874603 0 0 0 0 0 0 0.0241236822384212 0 0 0 25 767.782736816406 0 0  
0 4467425.56 4881 210.005311889648 0 0 747.8809765625 0.999000012874603 0 0 0 0 0 0 0.0569372763595968 0 0 0 25 747.8809765625 0 0  
0 4467692.95 4881 205.005740966797 0 0 727.807648925781 0.999000012874603 0 0 0 0 0 0 0.0258225961965106 0 0 0 25 727.807648925781 0 0  
0 4467960.11 4881 200.006019287109 0 0 707.833828125 0.999000012874603 0 0 0 0 0 0 0.0333652770560713 0 0 0 25 707.833828125 0 0  
0 4468226.41 4881 195.005389404297 0 0 687.689306640625 0.999000012874603 0 0 0 0 0 0 0.0259141221296615 0 0 0 25 687.689306640625 0 0  
0 4468494.47 4881 190.005589599609 0 0 667.515983886719 0.999000012874603 0 0 0 0 0 0 0.0235717931971603 0 0 0 25 667.515983886719 0 0  
0 4468762.52 4881 185.003646240234 0 0 647.319443359375 0.999000012874603 0 0 0 0 0 0 0.024427848738179 0 0 0 25 647.319443359375 0 0  
0 4469029.92 4881 180.00678894043 0 0 627.101870117187 0.999000012874603 0 0 0 0 0 0 0.0205579001274171 0 0 0 25 627.101870117187 0 0  
0 4469296.42 4881 175.005009155273 0 0 606.812819824219 0.999000012874603 0 0 0 0 0 0 0.0332346741767558 0 0 0 25 606.812819824219 0 0  
0 4469563.58 4881 170.016053466797 0 0 586.500930175781 0.999000012874603 0 0 0 0 0 0 0.0226404477681653 0 0 0 25 586.500930175781 0 0  
0 4469829.72 4881 165.019517211914 0 0 566.189267578125 0.999000012874603 0 0 0 0 0 0 0.027948691331804 0 0 0 25 566.189267578125 0 0  
0 4470095.19 4881 160.01469543457 0 0 545.768234863281 0.999000012874603 0 0 0 0 0 0 0.0288025589053109 0 0 0 25 545.768234863281 0 0  
0 4470368.34 4881 155.012462158203 0 0 525.112788085938 0.999000012874603 0 0 0 0 0 0 0.0219660497376221 0 0 0 25 525.112788085938 0 0  
0 4470645.95 4881 150.012211914063 0 0 504.469439697266 0.999000012874603 0 0 0 0 0 0 0.0213906046198169 0 0 0 25 504.469439697266 0 0  
0 4470923.41 4881 145.010562133789 0 0 483.863479003906 0.999000012874603 0 0 0 0 0 0 0.0170739934851205 0 0 0 25 483.863479003906 0 0  
0 4471205.97 4881 140.008977661133 0 0 463.123238525391 0.999000012874603 0 0 0 0 0 0 0.0521759382164026 0 0 0 25 463.123238525391 0 0  
0 4471489.52 4881 135.009842529297 0 0 442.353820800781 0.999000012874603 0 0 0 0 0 0 0.0352498565835088 0 0 0 25 442.353820800781 0 0  
0 4471772.31 4881 130.00960144043 0 0 421.455258789063 0.999000012874603 0 0 0 0 0 0 0.0254305276113019 0 0 0 25 421.455258789063 0 0  
0 4472059.81 4881 125.00877532959 0 0 400.549125976562 0.999000012874603 0 0 0 0 0 0 0.0169175634948316 0 0 0 25 400.549125976562 0 0  
0 4472349.00 4881 120.009407958984 0 0 379.425571289062 0.999000012874603 0 0 0 0 0 0 0.0184572084231678 0 0 0 25 379.425571289062 0 0  
0 4472653.61 4881 115.008800048828 0 0 358.167462158203 0.999000012874603 0 0 0 0 0 0 0.0335937565062622 0 0 0 25 358.167462158203 0 0  
0 4472978.81 4881 110.006312866211 0 0 336.989926757813 0.999000012874603 0 0 0 0 0 0 0.0232325862138699 0 0 0 25 336.989926757813 0 0  
0 4473304.36 4881 105.004488220215 0 0 315.712387695312 0.999000012874603 0 0 0 0 0 0 0.0231869855078239 0 0 0 25 315.712387695312 0 0  
0 4473633.44 4881 100.00764831543 0 0 294.389097900391 0.999000012874603 0 0 0 0 0 0 0.0244660705700086 0 0 0 25 294.389097900391 0 0  
0 4473966.50 4881 95.0074002075195 0 0 272.913718261719 0.999000012874603 0 0 0 0 0 0 0.023468487279728 0 0 0 25 272.913718261719 0 0  
0 4474303.14 4881 90.0065811157227 0 0 251.394663696289 0.999000012874603 0 0 0 0 0 0 0.0235022950570375 0 0 0 25 251.394663696289 0 0  
0 4474647.75 4881 85.0080294799805 0 0 229.946502075195 0.999000012874603 0 0 0 0 0 0 0.0156921688288752 0 0 0 25 229.946502075195 0 0  
0 4475019.81 4881 80.006530456543 0 0 208.533012084961 0.999000012874603 0 0 0 0 0 0 0.0252429324318431 0 0 0 25 208.533012084961 0 0  
0 4475415.02 4881 75.0048837280273 0 0 187.060284423828 0.999000012874603 0 0 0 0 0 0 0.0217810602235001 0 0 0 25 187.060284423828 0 0  
0 4475814.44 4881 70.0034399414063 0 0 165.764436645508 0.999000012874603 0 0 0 0 0 0 0.0228314252279201 0 0 0 25 165.764436645508 0 0  
0 4476254.13 4881 65.0040237426758 0 0 144.744315795898 0.999000012874603 0 0 0 0 0 0 0.019865067235196 0 0 0 25 144.744315795898 0 0  
0 4476689.88 4881 59.9982441711426 0 0 124.110209960938 0.999000012874603 0 0 0 0 0 0 0.0207995286175249 0 0 0 25 124.110209960938 0 0  
0 4477175.91 4881 54.994672088623 0 0 104.23236541748 0.999000012874603 0 0 0 0 0 0 0.0208857389545658 0 0 0 25 104.23236541748 0 0  
0 4477597.39 4881 50.0069758605957 0 0 85.2372131347656 0.999000012874603 0 0 0 0 0 0 0.0208377701739653 0 0 0 25 85.2372131347656 0 0  
0 4478150.75 4881 44.9751278686523 0 0 67.5636004638672 0.999000012874603 0 0 0 0 0 0 0.0218789563545398 0 0 0 25 67.5636004638672 0 0  
0 4478694.45 4881 40.0006675720215 0 0 51.761124420166 0.999000012874603 0 0 0 0 0 0 0.0213194796978992 0 0 0 25 51.761124420166 0 0  
0 4479060.03 4881 34.9850798034668 0 0 37.9707052612305 0.999000012874603 0 0 0 0 0 0 0.0189843689568557 0 0 0 25 37.9707052612305 0 0  
0 4479448.64 4881 29.9836520385742 0 0 27.1354758453369 0.999000012874603 0 0 0 0 0 0 0.0209723048127947 0 0 0 25 27.1354758453369 0 0  
0 4479804.13 4881 25.0162239074707 0 0 19.1682431030273 0.999000012874603 0 0 0 0 0 0 0.0202836081361857 0 0 0 25 19.1682431030273 0 0  
0 4480177.17 4881 20.0171919250488 0 0 13.9293816375732 0.999000012874603 0 0 0 0 0 0 0.0203898708020035 0 0 0 25 13.9293816375732 0 0  
0 4480528.69 4881 15.0000480651855 0 0 11.0135137176514 0.999000012874603 0 0 0 0 0 0 0.0250433047195381 0 0 0 25 11.0135137176514 0 0  
0 4480890.00 4881 10.0138879013062 0 0 9.75444835662842 0.999000012874603 0 0 0 0 0 0 0.0259388009175194 0 0 0 25 9.75444835662842 0 0  
0 4481106.48 4881 9.00003612518311 0 0 9.63499584197998 0.999000012874603 0 0 0 0 0 0 0.0199683315606877 0 0 0 25 9.63499584197998 0 0  
0 4481346.06 4881 7.99833600997925 0 0 9.54901790618896 0.999000012874603 0 0 0 0 0 0 0.0242873861793451 0 0 0 25 9.54901790618896 0 0  
0 4481567.88 4881 7.00099199295044 0 0 9.49821887969971 0.999000012874603 0 0 0 0 0 0 0.0226420822976593 0 0 0 25 9.49821887969971 0 0  
0 4481818.25 4881 5.99763198852539 0 0 9.45538570404053 0.999000012874603 0 0 0 0 0 0 0.0223162527852733 0 0 0 25 9.45538570404053 0 0  
0 4482002.97 4881 5.00038801193237 0 0 9.41879375457764 0.999000012874603 0 0 0 0 0 0 0.0231080565976388 0 0 0 25 9.41879375457764 0 0  
0 4482187.30 4881 3.99992800712585 0 0 9.405149269104 0.999000012874603 0 0 0 0 0 0 0.0223307447697918 0 0 0 25 9.405149269104 0 0  
0 4482372.84 4881 3.00001200675964 0 0 9.39461929321289 0.999000012874603 0 0 0 0 0 0 0.0232802428033537 0 0 0 25 9.39461929321289 0 0  
0 4482557.72 4881 1.99994398117065 0 0 9.39425392150879 0.999000012874603 0 0 0 0 0 0 0.0181689329228889 0 0 0 25 9.39425392150879 0 0  
0 4482631.89 4881 1.99995202064514 0 0 9.39236778259277 0.999000012874603 0 0 0 0 0 0 0.0231016104896635 0 0 0 25 9.39236778259277 0 0  
0 4482808.38 4881 3.00001998901367 0 0 9.39666889190674 0.999000012874603 0 0 0 0 0 0 0.0330712976319663 0 0 0 25 9.39666889190674 0 0  
0 4482984.33 4881 3.99995601654053 0 0 9.40825954437256 0.999000012874603 0 0 0 0 0 0 0.0171693871339936 0 0 0 25 9.40825954437256 0 0  
0 4483159.97 4881 5.00012395858765 0 0 9.41748615264893 0.999000012874603 0 0 0 0 0 0 0.0274037010794797 0 0 0 25 9.41748615264893 0 0  
0 4483334.97 4881 6.0000119972229 0 0 9.46325763702393 0.999000012874603 0 0 0 0 0 0 0.0174805926907265 0 0 0 25 9.46325763702393 0 0  
0 4483510.58 4881 6.9999239730835 0 0 9.48680862426758 0.999000012874603 0 0 0 0 0 0 0.0167662465654908 0 0 0 25 9.48680862426758 0 0  
0 4483685.13 4881 8.00002805709839 0 0 9.5491198348999 0.999000012874603 0 0 0 0 0 0 0.0205405081732192 0 0 0 25 9.5491198348999 0 0  
0 4483860.19 4881 9.00005992889404 0 0 9.64172470092773 0.999000012874603 0 0 0 0 0 0 0.0255152137047427 0 0 0 25 9.64172470092773 0 0  
0 4484035.88 4881 9.99981197357178 0 0 9.75095600128174 0.999000012874603 0 0 0 0 0 0 0.0196334016219773 0 0 0 25 9.75095600128174 0 0  
0 4484354.05 4881 15.000696105957 0 0 11.0118360900879 0.999000012874603 0 0 0 0 0 0 0.0213250588222022 0 0 0 25 11.0118360900879 0 0  
0 4484609.53 4881 20.0007399749756 0 0 13.9514977645874 0.999000012874603 0 0 0 0 0 0 0.0197713820528442 0 0 0 25 13.9514977645874 0 0  
0 4484834.05 4881 25.0039038848877 0 0 19.1842777252197 0.999000012874603 0 0 0 0 0 0 0.0248110926477518 0 0 0 25 19.1842777252197 0 0  
0 4485056.16 4881 30.0015560913086 0 0 27.3050124359131 0.999000012874603 0 0 0 0 0 0 0.0179308451252595 0 0 0 25 27.3050124359131 0 0  
0 4485280.80 4881 34.9997045898438 0 0 38.2111366271973 0.999000012874603 0 0 0 0 0 0 0.0250153167310073 0 0 0 25 38.2111366271973 0 0  
0 4485505.22 4881 40.0001878356934 0 0 51.7647532653809 0.999000012874603 0 0 0 0 0 0 0.0294134270990155 0 0 0 25 51.7647532653809 0 0  
0 4485727.89 4881 45.0002122497559 0 0 67.5719604492188 0.999000012874603 0 0 0 0 0 0 0.02389650743924 0 0 0 25 67.5719604492188 0 0  
0 4485951.33 4881 50.001203918457 0 0 85.1590969848633 0.999000012874603 0 0 0 0 0 0 0.0238431637406372 0 0 0 25 85.1590969848633 0 0  
0 4486174.88 4881 55.0003565979004 0 0 104.088715515137 0.999000012874603 0 0 0 0 0 0 0.0225888128809783 0 0 0 25 104.088715515137 0 0  
0 4486398.64 4881 60.0013008117676 0 0 123.981336669922 0.999000012874603 0 0 0 0 0 0 0.0254433326539634 0 0 0 25 123.981336669922 0 0  
0 4486622.08 4881 65.0010125732422 0 0 144.429897460938 0.999000012874603 0 0 0 0 0 0 0.0222977725367035 0 0 0 25 144.429897460938 0 0  
0 4486843.80 4881 70.0027389526367 0 0 165.422544555664 0.999000012874603 0 0 0 0 0 0 0.02963194456043 0 0 0 25 165.422544555664 0 0  
0 4487067.02 4881 75.0015753173828 0 0 186.723554077148 0.999000012874603 0 0 0 0 0 0 0.0280788943795145 0 0 0 25 186.723554077148 0 0  
0 4487293.05 4881 80.0023678588867 0 0 208.11637878418 0.999000012874603 0 0 0 0 0 0 0.0300689435302704 0 0 0 25 208.11637878418 0 0  
0 4487517.56 4881 85.0049362182617 0 0 229.504206542969 0.999000012874603 0 0 0 0 0 0 0.0281796826503842 0 0 0 25 229.504206542969 0 0  
0 4487742.20 4881 90.003024597168 0 0 250.812660522461 0.999000012874603 0 0 0 0 0 0 0.0301340183305878 0 0 0 25 250.812660522461 0 0  
0 4487966.52 4881 95.0037600708008 0 0 272.189473876953 0.999000012874603 0 0 0 0 0 0 0.0478561740351262 0 0 0 25 272.189473876953 0 0  
0 4488193.08 4881 100.004383239746 0 0 293.636119384766 0.999000012874603 0 0 0 0 0 0 0.0347185104369068 0 0 0 25 293.636119384766 0 0  
0 4488415.84 4881 105.004236450195 0 0 314.892947998047 0.999000012874603 0 0 0 0 0 0 0.0339664078341227 0 0 0 25 314.892947998047 0 0  
0 4488638.34 4881 110.00598815918 0 0 336.080421142578 0.999000012874603 0 0 0 0 0 0 0.0354694279047828 0 0 0 25 336.080421142578 0 0  
0 4488861.64 4881 115.005128173828 0 0 357.22451171875 0.999000012874603 0 0 0 0 0 0 0.0243070788595903 0 0 0 25 357.22451171875 0 0  
0 4489085.52 4881 120.00525177002 0 0 378.249567871094 0.999000012874603 0 0 0 0 0 0 0.039193885726857 0 0 0 25 378.249567871094 0 0  
0 4489308.72 4881 125.005640563965 0 0 399.247857666016 0.999000012874603 0 0 0 0 0 0 0.0374273667936057 0 0 0 25 399.247857666016 0 0  
0 4489531.64 4881 130.005227050781 0 0 420.184660644531 0.999000012874603 0 0 0 0 0 0 0.0427617783311251 0 0 0 25 420.184660644531 0 0  
0 4489754.89 4881 135.005676879883 0 0 440.968983154297 0.999000012874603 0 0 0 0 0 0 0.0339412607212812 0 0 0 25 440.968983154297 0 0  
0 4489977.83 4881 140.006249389648 0 0 461.721507568359 0.999000012874603 0 0 0 0 0 0 0.0413182721286971 0 0 0 25 461.721507568359 0 0  
0 4490200.84 4881 145.006451416016 0 0 482.318911132813 0.999000012874603 0 0 0 0 0 0 0.0782418855594869 0 0 0 25 482.318911132813 0 0  
0 4490423.77 4881 150.006470947266 0 0 503.036134033203 0.999000012874603 0 0 0 0 0 0 0.0435924683167959 0 0 0 25 503.036134033203 0 0  
0 4490646.72 4881 155.008642578125 0 0 523.520600585937 0.999000012874603 0 0 0 0 0 0 0.0365712231575328 0 0 0 25 523.520600585937 0 0  
0 4490870.03 4881 160.006344604492 0 0 543.961638183594 0.999000012874603 0 0 0 0 0 0 0.0372211254388368 0 0 0 25 543.961638183594 0 0  
0 4491092.81 4881 165.007913818359 0 0 564.465837402344 0.999000012874603 0 0 0 0 0 0 0.0343606687333003 0 0 0 25 564.465837402344 0 0  
0 4491315.34 4881 170.009873046875 0 0 584.698620605469 0.999000012874603 0 0 0 0 0 0 0.0382825159999674 0 0 0 25 584.698620605469 0 0  
0 4491537.69 4881 175.004240722656 0 0 604.905698242188 0.999000012874603 0 0 0 0 0 0 0.0363280524488976 0 0 0 25 604.905698242188 0 0  
0 4491760.69 4881 180.007522583008 0 0 625.113686523438 0.999000012874603 0 0 0 0 0 0 0.0364055944824246 0 0 0 25 625.113686523438 0 0  
0 4491984.00 4881 185.008658447266 0 0 645.443696289062 0.999000012874603 0 0 0 0 0 0 0.033020727287506 0 0 0 25 645.443696289062 0 0  
0 4492206.97 4881 190.009110717773 0 0 665.589904785156 0.999000012874603 0 0 0 0 0 0 0.0330611614294238 0 0 0 25 665.589904785156 0 0  
0 4492429.78 4881 195.008764038086 0 0 685.645788574219 0.999000012874603 0 0 0 0 0 0 0.0340965443332176 0 0 0 25 685.645788574219 0 0  
0 4492653.16 4881 200.00835144043 0 0 705.573979492188 0.999000012874603 0 0 0 0 0 0 0.0411729279710117 0 0 0 25 705.573979492188 0 0  
0 4492876.25 4881 205.008272094727 0 0 725.674450683594 0.999000012874603 0 0 0 0 0 0 0.038969030908174 0 0 0 25 725.674450683594 0 0  
0 4493098.48 4881 210.009236450195 0 0 745.580576171875 0.999000012874603 0 0 0 0 0 0 0.065981574630413 0 0 0 25 745.580576171875 0 0  
0 4493321.44 4881 215.00815246582 0 0 765.621003417969 0.999000012874603 0 0 0 0 0 0 0.032625931578523 0 0 0 25 765.621003417969 0 0  
0 4493543.77 4881 220.009072265625 0 0 785.484453125 0.999000012874603 0 0 0 0 0 0 0.0347647189975941 0 0 0 25 785.484453125 0 0  
0 4493765.58 4881 225.008485107422 0 0 805.337331542969 0.999000012874603 0 0 0 0 0 0 0.0296786840267448 0 0 0 25 805.337331542969 0 0  
0 4493987.92 4881 230.010086669922 0 0 825.221000976563 0.999000012874603 0 0 0 0 0 0 0.0362497817410073 0 0 0 25 825.221000976563 0 0  
0 4494209.97 4881 235.011936645508 0 0 845.026875 0.999000012874603 0 0 0 0 0 0 0.0391927781822579 0 0 0 25 845.026875 0 0  
0 4494433.06 4881 240.009556274414 0 0 864.555400390625 0.999000012874603 0 0 0 0 0 0 0.0710215021970603 0 0 0 25 864.555400390625 0 0  
0 4494657.14 4881 245.00919921875 0 0 884.364809570312 0.999000012874603 0 0 0 0 0 0 0.0366890832462506 0 0 0 25 884.364809570312 0 0  
0 4494880.55 4881 250.004583129883 0 0 904.008530273437 0.999000012874603 0 0 0 0 0 0 0.0692917664624819 0 0 0 25 904.008530273437 0 0  
0 4495104.53 4881 255.008529052734 0 0 923.882270507812 0.999000012874603 0 0 0 0 0 0 0.0570937704790691 0 0 0 25 923.882270507812 0 0  
0 4495327.77 4881 260.010317382813 0 0 943.034323730469 0.999000012874603 0 0 0 0 0 0 0.0324874902655074 0 0 0 25 943.034323730469 0 0  
0 4495549.22 4881 265.011108398438 0 0 962.915078125 0.999000012874603 0 0 0 0 0 0 0.0597298500645068 0 0 0 25 962.915078125 0 0  
0 4495772.38 4881 270.013190917969 0 0 982.569084472656 0.999000012874603 0 0 0 0 0 0 0.044469262311076 0 0 0 25 982.569084472656 0 0  
0 4495996.05 4881 275.008408203125 0 0 1001.85396484375 0.999000012874603 0 0 0 0 0 0 0.035585239819158 0 0 0 25 1001.85396484375 0 0  
0 4496220.36 4881 280.010557861328 0 0 1021.40110839844 0.999000012874603 0 0 0 0 0 0 0.0570629954167719 0 0 0 25 1021.40110839844 0 0  
0 4496443.50 4881 285.010511474609 0 0 1040.84533691406 0.999000012874603 0 0 0 0 0 0 0.0449745475832233 0 0 0 25 1040.84533691406 0 0  
0 4496666.31 4881 290.011317138672 0 0 1060.33766601563 0.999000012874603 0 0 0 0 0 0 0.0905108010301215 0 0 0 25 1060.33766601563 0 0  
0 4496892.02 4881 295.011721191406 0 0 1079.97627929688 0.999000012874603 0 0 0 0 0 0 0.112519044100318 0 0 0 25 1079.97627929688 0 0  
0 4497116.22 4881 300.010921630859 0 0 1099.11645507813 0.999000012874603 0 0 0 0 0 0 0.0431184544986254 0 0 0 25 1099.11645507813 0 0  
0 4497340.59 4881 305.012243652344 0 0 1118.17407226563 0.999000012874603 0 0 0 0 0 0 0.0413353808330745 0 0 0 25 1118.17407226563 0 0  
0 4497564.05 4881 310.014978027344 0 0 1137.66942382813 0.999000012874603 0 0 0 0 0 0 0.0764548032631186 0 0 0 25 1137.66942382813 0 0  
0 4497788.16 4881 315.012658691406 0 0 1157.06244628906 0.999000012874603 0 0 0 0 0 0 0.0388626949071674 0 0 0 25 1157.06244628906 0 0  
0 4498013.00 4881 320.01794921875 0 0 1175.97073242188 0.999000012874603 0 0 0 0 0 0 0.0889686775218948 0 0 0 25 1175.97073242188 0 0  
0 4498237.02 4881 325.018171386719 0 0 1195.25087402344 0.999000012874603 0 0 0 0 0 0 0.156674139469794 0 0 0 25 1195.25087402344 0 0  
0 4498462.06 4881 330.014097900391 0 0 1214.21754882813 0.999000012874603 0 0 0 0 0 0 0.0296841417157377 0 0 0 25 1214.21754882813 0 0  
0 4498686.72 4881 335.015446777344 0 0 1233.38984863281 0.999000012874603 0 0 0 0 0 0 0.0335725713384492 0 0 0 25 1233.38984863281 0 0  
0 4498912.13 4881 340.015617675781 0 0 1252.33526367188 0.999000012874603 0 0 0 0 0 0 0.0663437935291764 0 0 0 25 1252.33526367188 0 0  
0 4499135.47 4881 345.007629394531 0 0 1271.32970703125 0.999000012874603 0 0 0 0 0 0 0.0842911860302547 0 0 0 25 1271.32970703125 0 0  
0 4499360.22 4881 350.016052246094 0 0 1290.37221191406 0.999000012874603 0 0 0 0 0 0 0.0720486121085114 0 0 0 25 1290.37221191406 0 0  
0 4499584.78 4881 355.014714355469 0 0 1309.2846484375 0.999000012874603 0 0 0 0 0 0 0.0654860492187129 0 0 0 25 1309.2846484375 0 0  
0 4499808.55 4881 360.019805908203 0 0 1328.31673828125 0.999000012874603 0 0 0 0 0 0 0.0702897985553818 0 0 0 25 1328.31673828125 0 0  
0 4500031.98 4881 365.018857421875 0 0 1347.25217773438 0.999000012874603 0 0 0 0 0 0 0.0673127604971408 0 0 0 25 1347.25217773438 0 0  
0 4500255.67 4881 370.021993408203 0 0 1366.47543457031 0.999000012874603 0 0 0 0 0 0 0.0386497416157694 0 0 0 25 1366.47543457031 0 0  
0 4500479.97 4881 375.021634521484 0 0 1385.23615722656 0.999000012874603 0 0 0 0 0 0 0.0590637391517975 0 0 0 25 1385.23615722656 0 0  
0 4500702.88 4881 380.025277099609 0 0 1404.12802246094 0.999000012874603 0 0 0 0 0 0 0.0575851335103237 0 0 0 25 1404.12802246094 0 0  
0 4500927.33 4881 385.020765380859 0 0 1423.16200195312 0.999000012874603 0 0 0 0 0 0 0.0747754992468938 0 0 0 25 1423.16200195312 0 0  
0 4501152.53 4881 390.016727294922 0 0 1442.07961914063 0.999000012874603 0 0 0 0 0 0 0.081990304162421 0 0 0 25 1442.07961914063 0 0  
0 4501377.67 4881 395.011662597656 0 0 1460.80369140625 0.999000012874603 0 0 0 0 0 0 0.107302955346835 0 0 0 25 1460.80369140625 0 0  
0 4501600.97 4881 400.018210449219 0 0 1479.71447265625 0.999000012874603 0 0 0 0 0 0 0.0902877338153553 0 0 0 25 1479.71447265625 0 0  
0 4501613.77 4881 400.019499511719 0 0 0 0 0 0 0 0 0 0 0 0 0 0 0 0 0 0  
